$ 1 0.000005 10.20027730826997 50 5 50 5e-11
x -563 88 -527 91 4 20 FLA
x -518 88 -476 91 4 20 GAB
x -467 87 -430 90 4 20 FLU
x -417 86 -377 89 4 20 DEF
x -367 88 -324 91 4 20 EMP
150 -272 176 -128 176 0 2 0 5
152 32 240 192 240 0 2 0 5
150 -288 624 -128 624 0 2 0 5
152 32 544 160 544 0 2 0 5
w -272 160 -352 160 0
w -272 192 -496 192 0
w -128 176 -128 224 0
w -128 224 32 224 0
w 32 256 -544 256 0
M 192 240 224 240 0 2.5
w 32 528 -448 528 0
w 32 560 -128 560 0
w -128 560 -128 624 0
w -288 608 -400 608 0
w -288 640 -544 640 0
M 160 544 224 544 0 2.5
x 245 246 306 249 4 20 S_FLA
x 241 549 303 552 4 20 S_FLU
L -544 144 -544 112 0 0 false 5 0
L -496 144 -496 112 0 0 false 5 0
L -448 144 -448 112 0 0 false 5 0
L -400 144 -400 112 0 0 false 5 0
L -352 144 -352 112 0 0 false 5 0
w -544 144 -544 256 0
w -544 256 -544 368 0
w -544 368 -544 416 0
w -544 416 -544 640 0
w -496 144 -496 192 0
w -496 192 -496 256 0
w -544 640 -544 720 0
w -496 256 -496 720 0
w -448 144 -448 528 0
w -448 528 -448 720 0
w -400 144 -400 336 0
w -400 336 -400 608 0
w -400 608 -400 720 0
w -352 144 -352 160 0
w -352 160 -352 720 0
