$ 1 0.000005 10.20027730826997 50 5 50 5e-11
x 24 40 74 43 4 24 Dum
x 94 42 135 45 4 24 Sev
x 152 44 224 47 4 24 Sev_N
x 239 44 285 47 4 24 HaV
x 301 43 363 46 4 24 HaVP
x 378 44 416 47 4 24 Her
150 464 128 624 128 0 2 0 5
w 464 112 272 112 0
w 464 144 112 144 0
w 112 144 112 320 0
L 48 96 48 64 0 1 false 5 0
L 112 96 112 64 0 0 false 5 0
L 176 96 176 64 0 1 false 5 0
L 256 96 256 64 0 0 false 5 0
L 336 96 336 64 0 0 false 5 0
L 400 96 400 64 0 0 false 5 0
w 112 96 112 144 0
w 256 96 256 112 0
w 256 112 272 112 0
150 512 240 624 240 0 2 5 5
150 544 432 624 432 0 2 0 5
152 448 448 544 448 0 3 5 5
152 624 240 736 240 0 3 5 5
w 544 416 544 368 0
w 544 368 400 368 0
w 400 96 400 368 0
w 448 448 336 448 0
w 336 96 336 448 0
w 448 464 48 464 0
w 448 432 112 432 0
w 112 320 112 432 0
w 512 224 48 224 0
w 48 96 48 224 0
w 48 224 48 464 0
w 512 256 176 256 0
w 176 96 176 256 0
M 736 240 784 240 0 2.5
x 742 277 839 280 4 24 R_DESC
w 624 224 624 128 0
w 624 256 624 432 0
